1
0
0
0
2
3
0
4
0
0
0
0
46
21
9150
3170
-507
-161
-950
-2023
-2396
966
698
427
1121
1580
2887
2812
-117
1464
4545
1782
-917
-3348
158
-1456
-2322
706
-861
882
-2964
21
4616
-3316
754
2312
-4118
-2316
595
-1433
1810
-330
-1139
1875
-4172
-2494
1494
-221
4401
4090
-1444
-4431
19029
4890
7254
9031
242
1031
-968
-3687
2179
5682
-3187
-3452
-7502
2342
-10871
-5114
-5733
-3135
3045
591
5299
4495
720
1550
-810
-2175
4358
754
1123
-6009
5235
6085
-8592
-6119
-1581
-10242
-854
3994
14280
7457
6400
1491
1810
-846
3113
1195
7366
6959
9548
4222
-9467
-3415
-1654
-1526
689
-2072
-3343
1852
4639
1832
6608
-2343
4698
-245
1311
-2452
-5218
-2746
-552
-878
-1118
2006
555
-1031
-9110
-15012
2938
3989
-2834
2979
-2505
-3412
4753
3605
1033
809
456
-484
-8938
-12952
-1853
-4289
-2190
-3320
878
813
-1335
1505
-622
-3596
-2360
-5167
1042
1139
-1611
-2823
-2173
-2864
-2054
119
-5578
-10621
1538
-145
-7485
-5146
4811
463
1881
408
-1916
-3378
13359
7939
4677
-745
-1963
-1956
5190
5810
-3740
-1938
3629
-513
-8656
-6316
150
1928
1186
-3430
-3741
-1421
6455
10938
-4460
-5747
4194
947
-6213
-502
-4221
-1634
2662
1348
985
140
-6751
-9283
855
-708
574
2431
-187
1740
404
3230
-4253
-3073
-5011
-2709
620
976
-1968
-2414
-628
-1339
1
1142
1924
1302
-482
-141
128
7295
-718
1706
3875
1552
-3642
-4295
3492
-125
-1886
133
-1762
-1681
635
6081
-3613
-5279
-1420
-4187
3036
3922
-3109
49
2272
2241
-4164
-5283
-6805
-2921
-183
3156
958
1816
-3645
3548
1244
4501
3706
4829
3172
-978
-2893
-1554
-1095
1740
344
596
2192
-2544
6450
6816
-4157
-4000
-233
279
838
95
-1339
-1357
3291
3256
490
2743
-3133
-3259
714
61
-3666
7707
-25122
-18634
1043
-2435
-2356
654
2650
3207
-3769
-3912
1116
-5039
-2683
493
1919
1624
4605
880
4718
2121
-1639
-4314
2336
3378
-3901
-3258
3881
3837
-3031
57
8642
6140
-2092
-2228
-3562
-6118
1060
1158
-2838
-4435
10172
2239
-2104
-1585
1310
1739
-2802
-2285
2755
-1732
145
-1342
-525
161
-4478
8402
-257
-2061
4996
5853
297
185
842
-5272
24
-1108
17207
10930
-1090
-2891
3014
-1291
2824
2438
5320
8552
-9089
-10754
2166
3755
-5612
-3981
4963
4493
-188
2305
14909
6274
823
1001
-113
3202
-6376
-3231
3170
518
-4923
-2563
1433
1739
12820
6250
-6410
-4548
-5813
-13289
-6664
-1261
-5873
-7746
-3566
-1907
3758
4547
-3837
-404
-2135
-5010
-920
1078
5215
1811
-2397
-3526
6414
4747
-10392
-8859
5395
7431
807
3813
-12724
-7436
-749
4155
10659
8189
-3704
-1890
2659
3909
-3365
-3568
-860
322
-4103
620
-12359
-14847
736
-4379
4073
7374
2865
748
-5249
-1298
694
700
15017
16539
5229
8603
-9925
-5486
4284
-1937
548
1549
5596
6407
1569
-845
-1357
6503
1709
-2231
-8816
-2580
-831
-4172
5482
11144
-3808
2219
3299
1431
2361
-2946
2002
4133
-8026
-9621
11610
2471
10547
8710
-13552
-6649
-7265
-11317
-2366
-6927
-1348
2905
2401
2775
10324
11570
4697
1690
-4662
-195
-3549
-7726
1941
-5071
-530
663
4596
3807
1345
-3028
1379
-2634
-1997
336
14461
13334
5147
3394
3047
2908
-9141
-6899
1332
-2918
2074
1694
1991
4916
-1050
-3919
-10543
-10542
-10627
-8608
848
2877
-337
-1010
-2196
-2063
-677
-3411
-1923
-2714
-10256
-9003
-14699
-10825
-4410
187
-8216
-7282
7032
5097
-1088
-1022
5800
2079
7314
4650
-9405
-2776
711
-432
5092
-465
1620
-6
-1086
5790
4866
9263
-1928
-6090
588
-3648
1682
5610
-8658
-4156
2101
-370
-6271
-10694
8742
5052
-6946
-4116
-1430
1647
-4216
-1296
12415
5184
2185
-1694
-3676
-2733
3829
11005
613
2923
-3359
-9038
-2261
-4308
478
-3226
4542
7570
-9607
-6310
-2323
-2775
9934
6372
-5654
-302
8924
10248
1757
1491
607
-3262
-4459
248
-2230
906
-6428
-4244
112
1247
1694
1599
2185
-457
-10079
-4164
2630
-7049
1087
829
1189
-813
4927
4783
1511
1221
1140
3810
-3306
253
-13218
-6224
-4426
-6535
-1623
-1090
12053
8764
1712
3681
3139
2369
13884
39
5668
1486
-7085
-5210
-357
-4112
4337
1776
-1084
1263
-298
-140
13138
2860
2388
12754
-7159
-7090
-1053
-2193
-12827
-449
3485
2167
8713
6019
-1269
-4985
-6426
-6823
-4868
-4125
1775
3977
4260
6870
-4723
-6595
3152
2401
5582
4286
11218
9075
1873
2767
6041
-1513
4999
6638
-3100
-692
-5380
-5277
-4996
812
5314
2835
2486
-2161
7918
10109
-3530
-3379
3514
1484
5966
10834
-1940
-2524
3841
1484
12678
10838
-4354
-181
921
1713
-339
1217
2138
2505
-8253
-10626
-3573
-7299
-10443
-8799
4712
5172
-2457
-3757
1277
-764
-13909
-9974
8319
10589
2378
2790
762
-2269
2669
-605
-2022
4208
11677
9399
6420
6022
4874
2599
-9570
-5425
969
1842
-2872
-4514
1036
-806
-2911
-5729
839
2420
3866
7860
233
-4763
-6364
-7733
2648
-309
838
3052
-5552
-7257
6768
4322
-12238
-9299
-13258
-13936
-9787
-8342
-5654
-6756
-4222
-8183
1977
2558
14505
13583
-615
1770
4371
-5497
-6812
-8631
-1032
1733
-5264
1927
2233
-3615
4047
583
4308
-1571
1729
289
-3787
-682
521
381
2104
-149
4783
2473
1634
262
1749
4224
315
-311
-5290
-687
2595
1303
-24521
-5604
2111
-515
9447
6860
-2734
-4707
1683
-6852
1855
1319
1614
3176
857
-32
-6002
4718
-1764
6464
7048
2969
3610
2888
-8422
-3346
-2567
-2504
450
-2305
-4374
-1336
-5270
332
-5739
-639
-7228
1897
-2629
-1486
765
3421
5327
-191
-2536
6463
6188
9309
-5170
1666
12302
-169
12305
2043
-1405
149
1059
3541
-3861
-6522
-2944
-3478
3107
-5399
-2465
-423
4072
-7391
-13594
-23320
3470
2592
-7681
-4513
5605
-1251
1439
-4668
11005
-1511
-2640
1019
-12514
-23950
-1941
-4600
-6946
-4930
5442
8116
5404
6863
-2233
2847
-2163
-8782
9064
-4465
10468
1485
8237
-7552
1688
379
-4278
-618
-4981
1111
-3926
-2123
-7477
7373
10653
-1857
3507
-1277
8623
1051
1800
8182
1919
-2080
-7064
-8824
-321
6157
-8400
2815
-8457
-688
2636
4697
-5069
-2578
4794
-787
8231
-1833
443
-6554
-3690
5279
3077
2526
-10925
-1489
1664
3542
-1614
-3333
3062
-12342
6929
2166
-793
-2497
15020
7090
-2406
3620
4986
-6397
-2361
-5705
11194
-6148
-3350
-5318
-495
3024
-2733
215
10993
8933
-6969
-193
-6253
2294
1889
4271
4622
769
-4239
-4396
5664
-4807
-522
-6876
-6326
937
-6841
-5925
-7549
10990
2200
1010
233
-3012
1715
-1482
-11529
1824
-629
13344
13277
1206
12448
-3843
-2352
-2980
-3284
8841
813
7575
-8161
-3994
-3931
661
2745
11764
506
5574
7080
-1419
3187
3848
-9544
-2479
-826
-4477
9337
1756
-15986
-8007
7911
8337
3932
11564
-7256
-6355
2020
-6318
-8167
3292
-12943
-2847
-1002
10906
9830
-9948
-457
1389
-810
6392
3081
1441
1146
-11660
5837
10108
-5786
-443
-1104
-2092
1500
13398
-4586
-1815
10879
-1457
16259
-1494
-4262
5429
7472
1462
1106
-3874
-8160
-3337
-3273
131
-3589
-2480
-7003
5698
-4098
2200
1234
6784
6719
-5667
-7958
-3347
-9208
3615
7903
-10851
-1457
327
-9170
-8780
2886
-9499
770
229
-2372
-12628
3054
545
-6786
4648
-11205
-13063
-8948
-1107
769
1984
-6761
-2675
-10175
-12221
9613
2055
-12069
3323
12420
9657
-1995
1385
-479
-4151
-2566
840
-2385
-9964
1386
1123
6299
5024
-12945
-7987
1789
-3522
1593
-733
-12810
1187
5515
345
-6295
-192
2087
-6036
3515
-8340
-4488
5106
-340
9540
9233
-9127
2796
3006
-1382
12578
2351
-2574
824
-9042
-1604
7804
-1454
3301
669
4898
5797
5861
-7629
-9919
11266
-2692
-5991
-6153
-2731
3222
-1387
-5266
-1331
5473
-1698
7965
-56
-789
-1071
3118
1019
-1904
927
-2168
-36
-8997
365
-6244
-8243
1325
-3321
3723
-6672
-6178
5508
13730
4970
10056
9237
-4167
-3909
-1509
-1825
-8364
-1455
-1008
21373
7906
6220
2713
12327
-13502
-1457
7649
3129
7599
-18361
-8473
2074
5737
5617
2741
7374
13780
2265
-4313
15919
14672
-10741
-5663
13799
8435
-1445
-214
-7742
-2583
1966
1243
-4190
-4536
3492
16248
-2529
-8584
6796
701
3700
23720
-6739
-17091
5417
-6297
-4630
-5908
-6761
-8333
918
736
-8471
830
10389
9664
2566
-264
3855
-6552
1561
-2683
-13082
-7027
13893
13505
3724
12950
-13770
-8190
-5219
2011
3055
11220
-6113
-7541
2731
-5464
1183
-3778
-425
-6128
-7521
-8447
-6101
-5811
-271
-2347
3742
-2619
-1948
-927
7665
448
-14423
-12265
-2883
10307
-7121
-4976
4497
-3639
6190
13682
4872
10119
-11313
-15491
9071
10347
-6664
-10924
-763
-1423
2620
3195
-471
4475
156
4384
5871
-1720
5612
785
5219
8082
4917
3231
2780
9021
10875
4653
6412
8561
4114
6678
2288
13746
14844
3275
-830
-4682
-3795
-4870
11700
14978
-4616
-726
342
2739
-6774
-3284
3894
-5764
7188
6261
8541
7820
12298
8682
3430
2478
-7106
-11003
1468
-11116
-7567
-12643
2521
5999
-876
-3838
13784
10303
15484
6812
1703
-8096
-3877
-5758
-3855
-2785
-10405
-6511
-6897
7539
-14405
-2750
-5104
2619
6747
-179
10652
8494
7818
-676
-12045
1160
-3341
-4283
2192
5060
15651
11170
-9456
-10142
-2012
-3280
-8483
-5510
1030
3341
688
-3227
-4093
-11223
-2409
5555
-13079
-9379
-606
-1023
2831
-5849
-10570
-13872
3439
2996
-3731
6448
-18683
-14835
-5363
-10396
-3529
1398
6177
6196
-9516
-7604
6672
4213
1240
-2021
-15747
-7284
-4143
17
3869
4756
12311
3340
-1765
5918
-1779
-2988
-442
-4477
-512
17941
-5489
-9652
7817
-1152
-8397
-4453
6119
2820
-189
-1076
281
-2429
-3027
-1357
-2691
-5665
-5304
4038
3582
-25
-5585
900
2517
2167
-5607
5466
4565
3288
-11237
-4898
-7798
-8142
402
-7117
-5383
-3649
4826
-3483
15365
10088
3985
14731
1826
8285
459
-4960
-7729
-1442
-5185
-3952
423
-1776
7856
4164
5609
-6134
256
420
-10559
3544
1721
4212
-6342
-7318
-4120
-4699
9718
7328
4741
3386
6525
-8018
1763
-1793
4206
4626
-7859
-7491
-9648
-5765
3091
-7075
-2765
-7761
-2700
-6019
2117
6049
4303
7933
4126
9500
-11253
-3319
297
4866
2313
139
5409
5583
-5878
-4938
-2232
-4771
-1112
-10332
-12236
-12490
-4531
4034
8549
3275
-9052
-7015
-1738
-6710
6861
5443
5761
6174
-3940
9377
5060
-844
-1511
-2268
12994
10701
-18140
-7565
-2889
-3751
5390
1613
6979
8583
7745
-3118
-3531
-3842
3401
4263
-2973
-2602
5823
2640
-8174
-6225
120
-664
-3421
5208
3812
-2625
23942
9206
-10407
-6493
-10033
-9358
4446
-4722
-11454
-11300
-7750
-6679
-4434
4698
-2364
-609
3677
4284
144
-24
-2408
-3849
1807
7560
5813
466
-389
2199
-1041
-3615
-5737
-6776
2481
4940
27465
15260
14208
9467
-4380
-4625
-5776
-8799
11851
15359
-126
5511
-7416
-9708
10911
6687
6968
9399
7335
1130
-14152
-13497
2907
1129
-2698
-7347
-6714
-3603
-2817
-6120
6589
2623
4516
5588
426
1126
-5964
2714
1872
-5166
-18658
-13898
2369
12827
-3160
-4683
-469
-7856
-1185
-1222
10609
9251
15795
13983
-12937
-12268
3619
11392
5751
2233
2987
6513
-1218
-5964
2932
-6401
-1232
3073
-5247
-6041
-3025
-7721
6318
-3710
2823
5586
-9357
-7298
160
-1975
2698
-942
5314
-4055
-6728
1215
-4000
-77
-1441
-2221
3868
4307
5711
7059
-1004
-626
4931
-259
-1085
-4808
6207
3767
6690
12209
6947
3205
-1202
-6211
-2443
-9610
-11608
-3936
-10281
-15672
-2694
-12246
-2491
1136
-3769
-78
-957
4402
-833
-6291
1214
-203
-77
-1566
279
-4775
-182
440
882
466
564
-1550
-11531
-21405
-679
-151
-2356
1359
-1199
-3401
1819
6417
1033
1072
-4890
-3120
-1069
2733
-9160
-7917
-7238
-1677
5913
8443
-2639
-2012
954
-1935
5273
8993
165
-5894
2444
5951
-2699
-2280
-5091
-7620
9053
6649
4308
8936
21007
20581
-4832
1221
1304
-782
6804
-536
-14198
-4041
1198
3273
7996
-805
-13309
-8792
-3846
9799
1668
-478
425
16
711
-7511
-5559
248
2868
-6611
-20827
-14317
1346
-4481
-2602
3212
12465
8882
3247
6857
-8937
841
12198
6229
-2380
379
9455
9840
8616
-239
-3548
-2274
-978
3843
2397
1980
8337
655
4635
5076
5652
7496
92
7535
8192
8489
1028
-3560
-2406
-4943
2593
17633
-5494
3417
-1783
-1547
-3175
1520
-7
-2140
-2941
-2215
6309
3759
-2000
-967
-3890
-949
10102
-1998
-6691
-3208
-2101
4545
8408
6410
330
-5688
3253
-656
6414
8173
3432
-857
16192
18479
206
4394
4123
-640
-7556
-5961
2627
-1518
3385
10788
-9410
-4848
-3149
4976
-14155
1889
987
-1479
5597
8966
-4275
-8407
-3287
-6778
-5526
-4341
4006
-838
574
-2563
-4724
2985
-14871
-9400
14281
10248
-1146
3265
2602
-6786
3272
5599
13631
6722
-6276
-8623
14039
24841
2803
5920
1442
6888
-9156
-16397
3260
9060
4700
9610
5681
8031
-8818
-2473
-422
4771
-6975
1623
-4238
-314
2465
5906
1332
1239
3945
605
-11748
-8970
1352
5596
5150
2723
-1251
-555
-10266
-7972
1954
17
124
11780
-569
7941
8158
8408
11562
-3197
840
-7687
13344
-893
267
2699
-2166
-11187
1299
8240
3311
9981
-761
3414
-4640
-109
-7334
3011
7907
4464
11887
3706
-8437
-13182
-4862
-4120
-6005
1472
6932
469
11163
6302
-6678
-14148
4755
-2171
6936
13639
3420
-2840
-9878
-8927
8179
-665
3922
1390
413
213
1161
-4423
-3893
2145
-10154
-3289
-8873
15185
-8907
13554
1410
-21808
-13476
-27729
-13010
-8802
15353
13526
5862
14184
11118
10166
-4827
9524
3507
-19991
-13288
-17844
-14845
2211
3369
16780
16362
4872
5152
-5580
3978
-257
-109
2703
-10240
794
2844
-682
1799
-186
10886
10829
9441
5798
-6672
-4446
-11378
2811
2010
-7207
3927
17137
4104
-3045
-4473
-3080
7068
12323
-5181
-14079
3196
2730
2585
4429
9820
21523
6749
-3336
4352
9630
3075
12341
-10887
-16794
-8709
10022
-9558
-7610
-4748
3662
-8429
-7436
6398
-982
-1271
15720
-3497
731
-18253
-21220
-11491
-2821
6207
11826
5485
985
755
2353
9428
-586
9940
12324
-11564
-896
12234
-9739
9057
-4462
9266
-2231
7946
-3096
29348
29406
-4067
-11097
-785
-1709
1968
2151
-1016
-7131
-10622
-10473
-12207
-7323
5187
-3766
5305
11157
912
-12164
-3611
-548
5700
-5450
-4441
-4866
-4385
-186
2090
4790
18528
2599
-10862
-7431
3946
10106
-7100
-13154
5639
-6363
-12070
10668
-8018
-11443
19901
6110
8974
-9798
4477
4216
-5222
-3867
28586
6738
16924
18430
-12507
-16681
13280
-4456
-14516
2292
-5370
-16843
-5283
-3775
-6804
-4030
2341
1713
623
8478
339
-7915
25617
4425
351
2762
14703
2800
2578
7790
-23801
-16412
18050
4846
-4364
-6740
9271
-7351
-7293
3582
8562
6533
-2960
2617
8479
12645
-409
4985
3447
-6080
11514
-4738
-11765
-4671
-14661
-8918
2498
1098
363
-18353
-7887
-16696
-5863
5478
-13000
-12343
7167
2313
8523
20916
-635
17576
2630
-26762
-6187
7180
8630
10169
10547
5506
18200
1828
-1248
-3702
-1240
-229
-2813
-2485
1862
9449
-17589
-6710
-4636
-8287
-13685
-4912
-7291
609
-3852
-715
-1355
1685
-7061
4779
7217
15520
11498
9579
-2861
-10067
4597
10723
5462
4766
-7815
4523
-14822
-6104
-13673
-9133
-7235
-7330
9453
15547
1676
-9835
-500
3926
1698
17648
-26705
1133
-14938
-11381
-5285
6519
6604
881
4027
6139
-4892
-14458
-20228
-7711
-1656
2392
-2262
-6662
247
6483
-3641
-10782
8273
6981
10978
5531
-12225
-8577
-5932
-6839
3145
-853
-2395
-9190
-2713
3034
11255
8061
3866
-4775
1719
5409
-7008
6979
-9153
1317
19072
9088
-8119
-1494
-19570
-9093
-2646
-14852
-6615
-10214
-9347
-13903
-15283
-5286
-13506
-3003
14018
12407
-11487
-16568
5422
-6571
4939
1288
-1346
17
7855
-10350
19980
26329
-4739
2316
-14240
-23470
-11042
-19235
5947
8072
-6017
-2741
-216
-2782
9872
-10538
11877
27126
4435
1342
22173
-1749
-1898
-10765
-8326
-11060
5216
6448
-4357
492
8184
-3076
-16045
708
-11216
-22293
2240
-7790
-10538
-7580
22977
18170
-17889
-9815
17256
1127
-20722
4814
6058
1293
4702
8678
-13026
-1485
-11345
-7230
4353
4027
-6874
-8544
13927
18064
8109
6080
-539
1604
-4819
-13786
4843
-3141
-13873
-6979
21608
-430
-7741
-20457
-837
-13155
6338
-4353
19028
12651
-7564
11578
5263
-7684
-7981
-5543
-353
-9754
8919
2417
8342
6244
1179
12139
1971
992
-1600
-16306
24149
9912
-10943
-10038
7511
-3437
293
-10911
11951
-3119
11649
9542
2647
9142
20397
7323
-15203
-12111
-3359
-277
-4055
-10132
1616
14976
-7638
5991
1266
-9163
-9355
603
-10883
1154
-16208
-759
660
3835
-13618
-13463
1981
6953
5498
5814
-663
1207
-4209
14393
2593
-6104
1602
9027
4800
9152
1395
-1339
4738
5830
-5091
8071
12173
7403
-8396
-6651
3465
2774
581
-4240
2532
-3529
-2425
4160
18370
6931
-8910
-10503
-893
-7643
1250
3703
15523
9505
-7599
-10868
-23368
-31055
-585
7825
3671
7759
-9564
-1814
1546
2915
-12365
-7826
2916
-1928
-7119
3676
11186
10606
-6846
-923
-8407
-4592
-1481
-10610
6152
13602
-7787
720
2765
7293
5782
11020
-14531
-16458
-5932
4487
-17765
-21051
8833
-1622
30511
23322
11670
-8448
-5946
-13589
-6012
5642
-4767
-10359
7904
7330
-11425
-6890
-6060
3704
-7083
3399
-1064
-5816
4879
2847
-10623
9922
1405
10837
-13280
-13119
-15102
-23589
-2838
12190
18200
16470
7898
16336
-5653
-4880
-3873
-1826
-7600
-6232
2183
7190
17857
9401
827
592
1582
-2835
-2285
430
-15993
-19342
4478
4509
-27269
-8385
-7416
-9808
-4548
5317
1417
-3075
-5235
3947
13928
21754
-5096
-391
27270
27592
2612
-5997
7221
5946
-2420
-8734
-17688
-20225
16842
13257
-6841
13934
-15831
-15788
-12888
-7817
-2209
-4819
14115
10400
-8512
-4857
16602
11536
29195
16086
8401
315
-6839
1638
-3784
-12297
8960
-898
3594
5220
4648
1682
-16923
-5741
9457
4434
-5580
5921
-6544
-6469
-6427
-10008
-20
6693
6050
9877
8071
4618
-7700
-10006
-8816
-10750
7248
-5835
-11133
-4602
-6208
1255
-29733
-15139
-1195
11220
1455
6546
-16870
-11331
-12264
4646
-12147
-3884
-4993
-1983
-1207
11172
-6423
1924
-17563
-2802
-7227
-877
-19237
-14821
1894
8063
-15106
2999
15671
21775
1235
-4693
10468
2809
9222
-5143
5106
5577
12391
6416
6665
-647
4372
-298
7785
3491
-11705
-11778
-13286
-4253
926
-1542
-23868
-12202
4393
-5371
-8105
7134
1457
-1208
-15952
-9971
-38
1402
-4502
-3698
-6706
-13295
-1807
-1549
13486
17481
-4771
-13518
-5907
211
3579
6216
-9232
-9705
4842
6740
9727
-2420
-22138
-11515
4906
1617
7686
6076
4654
5973
-1195
-12749
-17440
-10943
-10234
-10697
-3588
8248
-3914
-10917
4605
-6586
-2134
-1648
-3731
-3661
-4029
-7814
-1358
-1783
15341
3815
8259
16217
-5496
-7934
-3206
-7021
-4319
5738
2147
-9419
374
520
-8629
215
12502
4227
-7742
4762
-2921
-8295
6247
846
19155
16503
-7261
-3303
19625
-311
-12250
-3048
-11716
-11674
-484
3777
3547
6301
-8825
1066
6075
1653
-1464
-4593
-11561
-3602
2072
4987
-3
1340
-595
-347
1304
-534
-6118
-8383
6250
5398
-6896
-4904
-1984
-1853
1211
4358
-2888
-4794
12960
7153
3984
6475
-4031
-3379
1202
-4352
6890
-6983
-12225
166
10462
-505
-576
-10461
7988
9304
-4184
917
-3043
-10177
733
570
-3617
467
8974
18176
3208
-2878
-1900
-925
-3667
-29
10211
4226
3413
12955
-8206
-9105
-2042
898
-3052
838
-15011
-4450
-3556
-2208
8811
-1305
17002
3404
466
-917
3852
6337
-7013
-10528
-453
-10930
-5367
-4002
9553
8364
-6806
-4328
-1094
8772
2331
948
5630
1811
2365
-956
3134
-7030
8031
7488
-3468
-6313
-12698
-6237
4396
6632
1716
61
-2798
1574
-7350
-13991
11013
2813
6208
6084
14775
-4156
-2430
6643
14695
-94
-4352
-5148
-5838
947
2747
1538
-2103
4171
6688
1699
6760
6623
4806
-1275
-577
2084
-930
-4520
9483
7683
2349
1418
2681
2962
13503
6260
1694
4120
-6312
-4441
-7221
-1696
-3191
-8652
-5282
1552
-5028
1812
3084
6059
3120
-3673
5332
-11627
16612
6192
-183
3791
-3011
-5162
4124
10281
-3336
4860
-2763
982
-8508
3192
-4627
5623
-4039
-352
7093
8483
-1738
-3932
-5050
-10276
4192
-1751
3428
3339
-5245
3308
1659
-1032
-1280
2894
4199
1818
-10233
214
752
-1103
4142
8705
-2740
-1432
-6400
-12802
3537
-6333
10432
-523
530
-2465
2024
-1352
-2351
7735
-2018
-6504
2201
-3784
-4164
4917
4480
1873
4110
3932
5497
8868
-1265
5217
842
1876
-8536
-15939
-5015
271
-7040
5322
-1714
3602
-12
-6661
-2250
5718
-6307
-6114
-15494
-21075
11420
-187
-17561
249
-519
2807
1410
-11071
-8478
-9670
-5046
2857
-1159
-17599
-11274
-11023
6567
330
7688
-1581
3578
3262
-7240
598
3315
1274
-411
5121
65
-11066
1751
4955
11332
13592
1046
-5430
-1413
9126
-11240
2003
5290
6007
-10314
-6910
-5356
-6658
3611
3808
1144
4402
-2999
3179
-6656
-13372
-2138
-2826
-2050
-1297
7804
-698
-2731
3121
-2020
2888
7620
-1179
2495
621
-8552
67
-7523
-9406
2998
-520
-1094
405
3022
-6862
430
-2889
25781
30591
-3191
7524
14246
817
1297
5147
-4107
4013
-12875
-6952
1111
-11763
7666
11444
-3409
8067
-24
6692
-3053
3427
-1310
3766
10248
-1563
-6030
-4
-2496
-7607
6052
3272
4644
-1260
2337
9964
7344
540
-14547
-8136
6632
-13253
-6479
-3666
6144
3547
2273
2760
5064
-3778
-21106
-5355
-5364
-6303
1039
10208
3974
771
1405
2617
-13395
-8802
566
318
2967
5549
-4748
-3654
6326
-8517
-2339
-2612
-829
6611
-5232
2408
5508
3741
-4212
-10044
-10381
-2161
18
8050
-3707
2443
47
-1132
5970
11532
-10335
-9795
-3086
-7762
7014
-1048
536
5141
1301
-11268
-9965
-4357
10181
8639
6657
2686
-9877
-7214
-18279
-10218
-8114
-2915
13840
2239
-12718
-7285
-7509
-8819
2653
-951
-8144
-5549
-1670
5535
5767
4054
-9120
-5064
-5537
-3601
-5259
-2924
10319
5173
7041
1275
163
977
6028
2990
3043
1840
-1455
-2589
-14135
-5071
1639
3753
-1975
883
5675
17003
11137
14049
6139
3584
1867
5850
939
-3349
-10821
-7660
-9795
-15977
12307
5044
236
-1274
-1709
-2795
2540
245
3583
3
2976
4420
-3958
4669
5343
7513
4810
1975
-11167
-7136
686
-2752
-5326
-8927
4686
522
3713
4814
-3359
1111
911
-1214
-6398
-5449
-2263
-2768
1486
2302
-4895
-2265
-5453
-1884
5941
2221
-5133
1219
-110
-3286
-6368
-5236
8468
4076
8868
4213
-902
11308
2354
4663
518
-134
8927
9063
2894
2116
-9385
-4740
-3102
388
517
-1850
-17061
-10231
6374
6222
137
-637
-4601
28
10166
9477
2916
7991
5548
3769
-2350
-7871
-5383
4366
-6299
-703
6621
7383
4128
-1458
-3304
-9308
4666
3331
9494
11686
-7155
907
-3020
-1845
2057
-3143
2495
3789
-17874
-11055
-1254
-1225
9034
5468
4645
44
6014
6804
-9220
-2453
-986
-5126
7223
7501
-9795
-9045
-5688
194
4441
10201
-500
-3525
4889
555
10348
2774
11534
3348
7084
8511
6795
4107
-3668
-1133
566
-1942
-3297
-6298
-5638
-7648
8876
2514
-4425
-3842
-3924
-4516
699
9106
3519
-272
6776
5006
-11144
2719
9318
2605
-1081
-3005
13905
5772
5270
7678
-3382
606
1123
-935
-6346
2368
2978
3330
-158
2898
-2283
-12789
-4084
-2516
-8762
-3629
798
-6941
5194
-5757
1981
10552
-1474
2498
5265
-6310
4138
4211
4749
8799
6893
-895
6874
4239
11668
10290
-1786
1426
6808
-2655
1294
4438
-6169
5514
-14375
-11261
1579
7762
-2550
1876
6922
7706
-4132
1274
5706
5719
1469
-1493
-4178
-9956
3459
826
3704
5212
7451
-3827
1680
-1196
-3072
-2704
-14064
-7081
1420
-13211
-5311
4698
3041
4236
-10578
-9159
-5865
-640
-1555
26
5748
-890
2611
15414
413
743
-6151
-5323
10548
8804
1666
-431
1763
471
3041
9115
6416
16209
-1574
936
10582
4090
19052
15670
6980
4749
-1161
-1963
3843
-3804
1748
8146
-17054
-5412
-912
-5308
-5666
-2449
6695
7867
5973
8140
6909
4562
-8875
-8561
6350
2153
106
-9161
-9547
6327
3678
3405
7186
-1701
-2266
-4883
3810
4767
658
1644
6186
4472
-5620
-3230
7248
-1138
9115
13807
-4257
5180
-5888
-6511
-9907
-12659
7974
3294
-1531
5652
10373
11704
-20721
-21922
-9753
-4028
-6231
2798
15182
12129
3247
-924
8125
2515
3596
1014
-743
-4731
-7768
-2908
-444
5355
7059
11830
9513
13618
677
1220
-38
-1765
3023
-3269
3692
-4950
7954
4231
6812
8675
-22391
-23668
12672
5205
12897
16100
3443
11944
-1678
-774
1226
2095
27562
8194
-6890
-9931
-22240
-25349
6867
6080
18978
30463
1684
-1930
-9355
-7590
574
5592
-1584
-3544
-11468
-7005
9708
7666
305
9186
5466
10455
1708
-9810
-7590
-4687
-21324
-11616
-17846
-9785
-9016
5628
-20090
-16262
-6644
-4766
-2807
-3352
3353
11800
-14998
-5544
1650
-1770
5305
-7726
834
2046
6040
4693
6343
6537
7591
-3117
-2677
-1564
-12048
-9922
19894
-2083
-2856
-4195
-7199
-6640
-18323
-8267
-15247
-10035
-8914
-5656
13853
17229
-4667
-5582
-3047
5236
-3866
3360
6344
14624
-16599
-10599
-8711
-4001
-1110
-5669
2756
-8726
-5665
-10595
18867
12217
3824
8541
-1824
-5174
5724
10179
-17279
-27220
-1249
3235
-1902
7646
-6468
862
-8931
-9695
11504
4819
4196
-9556
6357
-4864
6312
20512
-4828
-4241
1551
-7799
1152
10659
4362
-188
7705
6043
9565
8494
-8998
6351
10512
-2739
6867
-9165
-16341
-11437
-337
3415
20835
24169
12467
-1631
-4095
12513
-10844
-11643
-18733
-3748
-3849
-101
2460
-4902
18148
11615
-7100
-11219
11895
11551
-2937
7739
-9519
-8455
-4251
-6349
2146
7051
-11981
-18049
1990
4377
-2086
8179
5033
-5991
1811
4971
-11544
-8084
-2129
-9820
14179
8876
2813
7321
-10584
-13823
-219
5995
-199
-1955
6465
-1946
-6452
-8337
-6864
-1416
15799
14708
-9393
-14216
8679
2786
3661
2006
-20373
-12864
3050
-7429
6859
1807
9009
6097
6315
1348
-6287
-4062
16789
13506
-2905
3344
10438
7414
-7481
9624
3010
-12323
11231
3537
10812
19924
6745
-1059
-9133
-9749
15619
7663
-15545
-17512
4653
3431
5000
5182
9967
-6141
3323
616
5162
4432
24434
21446
-6788
-2589
8512
507
-7913
-4997
-5524
-13517
4926
-1792
7712
-6937
-428
-6650
5626
-150
9909
2965
16627
15485
9216
22268
12168
14584
27663
17393
12081
1609
-12781
1160
9151
4539
5648
8721
3174
-4528
5148
-1837
-8029
-9351
4456
5732
6365
1940
10549
6012
6502
4618
2805
-6136
-2645
-6914
15195
10714
-12719
-19398
5958
5721
-1538
-3604
-9499
-3686
-18530
-17202
-2399
4655
-4091
-13146
-4715
531
-3815
8393
20764
8742
-3168
-14255
16808
28031
-245
-2421
7097
3893
-2775
10469
6342
3286
4896
12094
3893
965
-11863
-4591
-6095
7045
2392
235
477
-2725
-6072
1045
-4618
1524
3287
-12888
-196
1234
3689
-12499
17358
359
-4654
-3393
9241
-3286
1407
10780
-8773
-10660
9438
-6685
14948
16537
-3301
2444
5240
2267
-1825
10055
-56
7069
541
2224
-8806
2588
-3696
-8270
241
3484
-546
-7727
-3174
-893
-13188
1210
-7982
-10196
4272
27
-5607
-173
-3221
9671
-17826
-18711
8255
3841
1272
2953
-5805
-21352
-22686
-17015
-1802
-14866
-9729
-16660
-17137
-2306
7761
22746
-11223
-1554
-10698
-8302
-21806
-25767
9667
3530
13462
23787
4208
9122
13489
11810
4750
-845
2408
-7066
16282
14715
-549
3036
-4003
-11899
1589
4145
17638
11448
6005
13365
3404
-14713
-11389
-6496
-6076
1569
-4139
-2344
2347
11798
-10773
-6392
-5499
4337
-1402
14535
-7544
-2060
4918
10153
4956
8706
-6732
7777
-3647
4562
7023
2503
12144
5358
-9668
-5403
-2291
1606
-3991
-453
-8062
4198
-9872
-9542
-20462
-10705
-9073
-7122
-11990
4185
-11
-6563
3915
3714
10960
10125
-497
6404
-7393
-14381
-11628
5190
101
-594
10630
12794
7367
2538
13035
127
-5858
4122
2956
3888
5857
-596
-334
-5966
-12627
-12124
15316
5734
4714
8116
-3314
-4114
-30494
-21477
-15980
-11812
725
3915
2778
4672
9900
8644
8750
11088
-1060
10444
1534
3724
-13888
-21758
14341
13475
6818
1941
2218
4895
10123
-3914
-470
-7539
-5663
-1282
-1738
-1690
2099
5028
-783
1383
-4387
-18667
-2481
2914
-10222
-5219
16413
328
-4590
12096
-8673
-10180
14557
2251
17649
12695
9543
1990
-5817
-3879
-11285
1417
-6416
-4634
693
3060
3945
-5216
15571
2868
4327
6536
-12249
1784
2659
14951
5681
9416
15284
12659
-11591
-13706
5328
6986
12413
8928
14707
8820
-3695
9095
4572
12711
-1539
17000
7885
-3892
-7784
329
-7342
13817
17584
7211
15945
-5959
7925
-5833
11938
-73
-14074
-2362
1760
11847
5892
8461
6342
-2394
-8346
10790
-11739
-7459
-8539
-5655
-5355
-432
16696
8088
-11306
8700
-9127
3550
4542
-2845
13460
19627
1891
-1740
8581
-6427
-22909
-15227
-12983
-13665
-19099
-5513
17480
9485
4006
16986
-6894
4596
-3022
815
-20492
-6111
-5054
-6165
15983
15558
2647
17319
-9424
-12048
-3572
-11185
-2665
1946
8805
10348
-1957
-1351
-4972
679
-6592
5043
-19694
-10823
-10156
8274
-15070
-13925
2615
8098
-14018
5894
-13881
-17215
8628
-3308
2535
-4
-1679
1033
204
668
6990
1736
10492
10532
1640
122
9187
14860
-4005
-19559
10466
9311
13499
-2694
3042
8314
-5714
-12066
-7597
2020
5074
5922
1236
-15663
2275
-4713
3073
9754
5994
31261
-8217
7884
2033
11383
-8898
-2906
14393
7067
9653
16025
-238
-2584
8554
4020
9514
2511
-9564
5306
-5237
229
-6803
-4113
-5137
6553
-17216
-9947
579
-2312
2219
6055
-3086
8703
-21705
-11324
-4531
-9451
-2625
-610
12157
11397
7482
-7091
-3825
5794
-780
273
2523
-13699
-13851
-114
16132
5804
-10533
7251
-971
714
9478
13037
-3571
-2825
5886
662
-865
10288
17038
7193
-10189
14844
456
5369
6649
2265
-18088
-138
-14646
-18812
-5163
-1672
1559
3916
-16423
2707
-12090
-18397
-2305
-2488
-12225
-14127
9138
-5546
-2424
8988
4262
516
-4851
-14635
-23467
-4197
-6199
-9748
9563
-5859
5263
-9571
10678
5640
6095
5906
7235
3374
-9060
5402
3327
-988
-2491
-4285
-1515
-3779
5554
8769
5256
-1374
6764
5261
-646
-7508
249
18262
17510
-769
7227
-5559
-17080
1149
-16176
-15380
7305
7044
3719
21122
-11724
9757
6494
-8694
9385
-1298
1207
2903
5352
-1049
24596
15619
14938
14791
5455
6218
-1032
-3211
-516
544
-1058
-3908
14378
229
6539
-1515
2338
6384
15010
2318
-7516
-11792
-18556
-12865
2435
-1120
21460
9397
12978
7938
-1760
2587
4385
-7935
6464
-3231
4534
-8943
26058
6026
4723
8328
5623
7581
-6069
-10234
-5770
-11083
4410
-5892
4786
7477
3795
719
8789
12652
-9356
-5825
-2912
3811
-13652
-18077
9765
7509
13005
8644
-12383
-6436
-6682
-3584
12035
-4192
14223
10573
2670
4885
-5335
-60
-8095
-4912
-6405
-7449
950
-1526
4362
5568
-21898
-18138
17720
25957
-1152
-11543
-20171
-504
8869
2644
-8212
2246
-4859
-1032
21626
11708
-4684
-10199
10943
15820
-7193
6327
14843
8036
14578
14427
-2838
-4862
-21546
-16145
3593
-222
13350
15962
-3685
6077
-12964
-8141
5983
-7966
5271
17451
-5537
-7052
4213
5868
3491
15065
17396
6194
892
-133
-10900
-7928
4511
7943
5034
-2723
5018
-913
-3575
-4602
3142
-13754
-10699
-11874
203
-6207
-3192
13878
-143
-3451
1711
-109
-5517
98
25
330
-6486
-8667
-9376
3873
-14805
-14312
21091
10778
6251
11210
21114
22618
-3266
13450
1176
-8153
-8435
-2050
2272
607
-1777
-1750
-8911
-3584
9832
14506
-20790
-9562
170
-1676
5633
-10311
-6955
7395
8100
-7617
5777
-1819
8625
4535
-10262
-8008
-2723
-16314
-3603
4102
-1210
-7669
-17215
-13031
-10088
-7670
10465
-264
-2986
-4523
-479
-8857
-3771
4338
-6751
-8038
232
315
-10953
-22612
6231
9357
-5934
-5695
10481
801
-5089
-3492
-6437
-9386
-5612
-661
-5177
21912
-3961
-5149
2264
-9958
2853
-2248
-4026
-3736
5539
908
4118
4896
17455
14016
-2202
4484
5207
6787
9702
2160
2676
3625
3368
-545
669
-15191
844
880
-6268
1665
-17473
-8569
10518
10754
-4260
-3396
-7518
-6628
7416
2104
-2357
-3399
-12100
-21001
-3876
-2778
7341
-5048
-2852
-14245
-4245
2735
3710
-8123
-3904
-1426
-529
5739
4277
5527
-13476
-19740
18043
18236
-11835
-10103
-1742
6268
-7879
4021
-2992
-4401
15956
11894
1256
-2206
-10237
504
7035
-2689
-17317
-7514
-17692
-13152
1637
-22749
17446
15032
-23722
-16271
2135
5167
-5161
323
15295
7872
6704
17248
-10485
-11413
-15705
-12605
-18795
-1110
1726
2518
8546
12243
4562
11517
3083
6429
9068
2337
-7598
-1904
-4217
-1225
-4763
8777
2948
275
-612
-8270
-7942
-7611
13143
9577
-697
-234
-3376
5685
-2599
-10837
-25801
-16809
3255
-2876
-8875
-1821
6144
-4779
-1435
4118
-2600
-5079
-3482
3748
12063
-6478
-16254
-580
-12753
-4312
5800
9381
-223
-2536
-6016
-2982
412
-6074
-7723
-401
-1647
-4766
9746
-5738
-3392
-680
-701
-3806
54
-1766
6308
4927
-13745
-1740
2934
2635
10533
757
8736
-411
-1449
137
-238
-46
-3198
-1364
4679
2062
3204
2681
4119
12992
9229
-4717
5682
-11465
-7676
-1028
6539
4684
1002
-878
-3311
4939
-731
-3254
-9755
-4703
1209
1235
1722
5805
-6277
-1814
-7489
5907
7509
-7833
-10630
-1524
7891
5326
-4373
1592
-1239
-11793
-14717
1007
327
-6445
317
3311
3131
468
-7958
2695
-78
-5718
4931
-4174
-2496
11219
7621
-772
-4015
-2007
-6686
-7090
2629
1476
7280
3082
-5682
-10967
3406
-2736
-5685
1754
-993
-5220
-8466
-8529
-1934
-10908
-678
5080
-11016
-16863
740
-340
1364
9674
-850
4132
-1773
-1473
1479
-2614
-2060
1265
-6508
-3241
-13520
-619
7907
3742
-2958
-6837
-16884
5219
7652
-4590
-6415
-6644
12571
-1674
3054
-2123
-11775
3996
-11956
3417
2652
2171
-7297
7103
-424
-1765
-4760
6934
536
-2458
-4103
-1672
-4066
15677
448
-7858
-2489
1352
5551
-4998
-7467
-9169
4042
93
-8024
1958
-438
-1804
1006
-1997
1543
-152
-2244
-9419
-2199
2215
-7680
3808
-3671
3722
3255
2384
-950
-7244
10806
5280
-1185
-3445
-1339
2310
5237
5614
1842
-99
6311
1197
-773
-4169
-7299
-2306
-4424
-8269
9127
2583
-13959
5081
-6514
-5778
6516
3504
2454
1924
-682
-6134
37
-2199
1030
1275
-3332
-13328
-263
-368
2017
9082
-12027
3291
-9325
14020
15740
5582
14283
3319
2981
-4755
-16227
2284
8168
3398
-1583
5266
4108
-3308
-9705
-2716
1890
260
-9944
-6780
1523
9191
-3676
3197
8084
3719
3970
-8071
-8981
2547
3360
-1270
941
-7727
-13836
-2448
6214
1382
1236
1457
-6514
-1210
3584
676
6451
-287
-1811
6299
-2190
-1117
-3530
6884
-11247
-7963
-11577
1906
5133
-887
-3037
-2560
8557
1328
-2084
-4443
2252
-4218
1954
8647
-2666
-2204
-10755
-5568
5642
4199
6518
2740
-3715
-10627
-8593
-6972
2587
-2010
-59
10016
-3159
-4829
5874
761
-6814
-10997
-12516
-3784
-7149
-337
11278
-3816
-5188
-18302
-4408
9199
-1917
12130
1945
-3152
-7509
3204
3618
2533
4367
275
8773
-800
-2283
-19978
181
1866
2069
5938
-9506
2253
2341
-4820
1559
715
-5314
-4658
-1372
-819
2216
-12583
10206
7978
-1039
-1658
-5194
2576
-1914
-5168
-12583
-2886
-14955
-13817
19724
6224
8149
402
-8794
-13194
9075
-12931
-7109
-16528
-14350
4396
-7630
-5318
12254
661
18055
12226
4289
3741
2057
-4873
1053
205
22367
5802
2483
-6774
-4672
-6393
4986
12340
-9267
-6536
22147
-6700
-1437
-7971
3425
-2134
-7211
-21466
5370
1537
-10199
-1680
13957
-2831
3204
-3971
-4610
-13871
-7978
-6163
-10233
-20280
13559
1080
-3442
9925
-4964
-2961
-6408
7942
9705
10684
9436
-3669
-19370
-2759
-2240
8196
15428
20953
12955
3314
-20612
-20106
7503
5457
-11439
-6320
-6799
4164
-5427
709
10096
-742
-16214
-15638
-6503
-3837
3055
3402
-11116
-1027
8693
13682
-490
-229
3184
5118
-3285
-11885
-4888
9179
-23351
16051
-7357
-12787
13190
8294
-13933
3484
17400
6938
11857
-3584
24539
11206
-4968
-5353
192
3142
-7319
-6749
17059
14644
-18501
-16108
-5372
8067
-3672
-3904
10245
12222
-21102
-24159
-7579
12940
-11259
-9548
-17811
-14691
28043
16277
-7463
2756
16000
11891
12299
17060
-9688
-11309
-5579
-3082
-7791
-7739
-330
6428
-2094
-16323
9322
803
4046
20084
5483
28281
-4988
-32069
16579
5155
-1291
6646
3015
-4026
7613
114
19599
14804
7258
12690
-6981
-13799
-8266
-16349
10187
12789
-2227
7953
-2135
4592
7478
3882
-14849
-20806
1117
3113
-3291
12
7439
-16160
25675
9631
4612
-509
-7320
-6897
-3442
16450
-1891
4563
17751
-8740
3440
-4923
-14824
-7498
5028
-8358
-17587
-14216
387
-652
956
16372
-633
-15439
5299
7062
14224
15357
-3232
-4867
5629
3544
7634
10762
-5483
7188
12413
3556
5380
23614
10980
-251
3401
2151
-12478
-6182
5192
-3462
13753
4452
-111
-1856
-24022
-4940
15673
14977
7147
3573
-12894
-10012
30044
16332
4687
-17636
-2870
14272
3227
-16468
6917
-27
3407
6871
6618
4937
-8489
-6357
230
13325
1936
1380
-20449
-10275
4067
5857
4230
2137
2459
4111
-13923
-10282
166
4042
4517
-253
-8903
-14178
1691
6197
-16841
-11676
-14376
4264
-6780
6465
7655
-3725
-1420
-11326
-13929
-6284
941
-3609
8480
14700
5585
11227
-2017
796
-10484
-20384
-293
-441
-12020
-1508
-373
10366
4346
-7227
17375
10033
-655
4647
327
8796
11570
13069
14228
4482
1035
-10729
10196
15804
3922
-2336
-13554
14665
-8158
-3930
19965
14541
-11886
-16579
4647
-199
-15007
-14909
-11878
8701
7982
-11816
-13770
-6866
2985
4517
6631
8540
-5826
-8877
23163
10570
14225
7969
19368
-1925
13328
6220
-4270
4027
4492
16897
-13547
-7404
-22762
-27155
2921
-5613
1280
8257
-7609
-9863
6256
13124
-7499
3966
-18097
-25924
-6702
-5627
12074
5614
-17426
-14634
-1423
50
-9392
-5112
-12276
-5483
-6832
844
-6551
-6750
2052
1936
10
-16073
10554
4704
-9141
-6725
13668
3894
-4898
-1072
-2403
-4907
7218
2146
10567
5764
5412
-2389
-2914
5623
-4537
-9983
-1492
936
-12765
5525
6259
4797
-7442
6304
-4407
913
6667
-6245
11415
-5867
-14004
-17734
-5089
-3237
16350
5234
-11576
-5484
-2180
3575
-5671
-7551
-3528
-15383
-6037
773
2221
-18325
-2806
-8564
-10493
-10338
-6028
-7577
14257
8151
7562
-4422
14409
18880
-16244
-17192
-8598
-10000
-4906
-6584
24165
13462
-3766
11280
12329
10957
-3067
-16905
-5561
451
-1865
2646
10477
7316
-6327
2396
-23822
-9994
-11777
5645
6326
-3670
-15302
-5350
2815
367
22307
11267
-20122
-12392
-9084
-10519
22964
5405
-1405
-2440
658
4030
-12795
-9963
843
-4005
15851
-2769
-24378
-29776
22070
4738
2122
1534
27286
13704
-1259
-15090
-11955
-15087
8616
18909
299
15691
15957
11164
-16737
-10637
19048
8849
-9178
-4688
9046
9367
148
-6168
-11199
-8042
-7642
-9602
7634
10821
-4958
1654
5599
3840
9977
-9836
9864
-14281
1335
3748
-17558
-18486
4820
-7190
-8421
-9629
-2590
5121
-19985
-22775
-11463
-12174
-15996
-5393
-13955
-8454
-29705
-18713
236
16218
-2091
-2953
5753
1455
4122
3677
-13794
-5546
1615
-3204
-1598
3103
4239
-3041
1888
806
-4762
1279
-14730
-1322
-15439
-20062
9566
1336
1753
-2421
5737
18241
-5753
-21743
-2842
873
-19054
-12793
-425
-2129
2995
9615
7779
4090
-16751
-7139
-13208
-14447
19220
15804
-298
2058
-8781
-19925
12579
4593
-20876
-12858
27121
1836
-3317
-8649
-7948
-18283
5943
13195
-11105
7869
2084
-9691
2974
-2058
2785
5769
-2957
-3210
7602
5241
-2020
-16597
-8042
9912
14794
-12225
3371
15977
-5081
3427
-1677
-11594
-17851
-3749
-17623
7007
11885
10704
5949
-4533
-10378
3905
8745
-2646
2096
5784
-9157
1526
-5117
-7378
9473
12816
14658
13966
-6039
-1063
-12120
-11538
-12078
-6564
-25812
7921
16865
5424
15659
20898
12626
16926
-12797
-8083
-295
3161
8503
7286
13780
10046
-4051
-13636
19028
-601
11777
8507
22420
18075
733
-1681
15475
5752
12473
19326
2174
-4773
-5822
-5235
-82
-9404
-12585
-6416
-6361
6086
3181
-8575
3597
8708
6878
-3736
9442
12030
6462
14057
13222
-910
1184
3702
9534
-5578
21711
2350
-2235
678
30607
26073
7073
-8373
-14494
-9562
9954
862
3385
11089
18061
13448
171
-8817
-2155
7887
-897
-9055
4859
-332
3185
-249
-19837
-6867
23978
10341
14548
-3785
1553
4590
12401
22246
2527
1207
11323
5580
6833
11744
14438
3856
-10602
-9267
3168
3334
11690
2278
8666
-6056
11902
15600
8491
-2475
9057
6680
7398
10305
11867
181
-8360
-6114
-3591
-7861
15207
16048
-3487
1207
681
15151
4084
9272
-1021
-12184
-17439
-3975
9225
5214
5443
5622
-1596
-794
8013
19080
28225
18766
-16960
-23828
13862
1035
-9173
-9176
4059
-501
15391
-1810
-3577
155
7518
-4569
12093
19191
-6296
-2380
-1828
-10482
-10816
-3603
-10137
-13441
14865
15481
-19384
-10925
7437
3528
-2643
-11714
-7694
734
-5653
5047
5051
689
2223
-6512
11076
5797
902
-108
-5348
-623
-19686
-24991
12269
-7237
-10293
4417
6735
-955
-6943
-25686
-28923
-19582
-9019
2047
-1162
-6833
9903
4208
3990
-10537
-2063
-1750
-19462
639
31935
10114
-5092
1783
-2696
201
-458
3601
-1489
-12317
-8198
180
-8708
596
18349
8433
6378
982
15514
9307
-3501
833
-10206
-12976
403
-10509
-11729
4051
-24997
-12927
-31912
-25981
2866
3662
-3899
-12415
13796
-502
-8287
378
-12846
-12972
2287
-1974
-4704
-23818
1413
712
-6347
-6177
-13475
-13374
8802
6465
-9880
-7184
-1317
86
-17143
-23704
23629
22991
2476
13098
10355
20436
-11214
-4923
-14229
-15291
6281
19512
-15454
-17568
14006
18362
-6488
8649
-2852
-3665
-1722
3337
-6379
-3172
6328
5729
-10742
-13398
12231
-1221
-6182
-8772
-3
3169
554
1138
-2489
1032
10437
-4231
-6082
-10949
4984
-12408
4609
6056
8594
8783
6592
-14111
-6499
-3832
24474
19716
-9898
-12366
17279
18083
-10789
-5310
-14614
-19236
15779
4799
3706
12416
8507
-390
1118
-549
-16709
-13442
-8817
-13364
-6740
-7953
11089
12677
-12786
-15017
96
-10463
7765
21236
-803
11495
-14242
-6208
-1364
-13332
-2344
2751
19727
-1948
-8031
-600
-20392
-17556
8450
1541
-7727
1196
-13946
-466
-11236
-14094
-725
8904
-13632
1595
12362
11753
8247
3468
410
135
-5326
-2408
6065
4947
-23460
-30717
18310
15287
-6745
-3824
-19417
-13401
835
-2319
-7948
3048
7516
1709
21215
24798
9123
6752
-9257
-24964
22098
6924
-7654
-7782
22946
12414
-6217
-15098
385
4367
-3127
-1297
-10226
-9682
-5143
2802
3607
10352
-128
-12377
7203
9617
4930
5465
-823
-7909
5991
6038
-7690
-8118
-8339
-9257
7662
-9156
12246
8392
-3846
-2534
2741
1088
6759
2136
2972
2426
10230
13982
10359
5324
12776
4723
-7164
-132
726
2003
6266
9120
-5352
-2311
-11487
-9183
6498
3435
6625
2958
-4796
-8197
-6874
-6450
7470
6577
1898
-2736
255
-1330
103
-562
-351
130
-2411
-4537
4911
-3642
1521
-6943
2498
7901
2047
-5655
-1018
-3932
-2797
7110
8299
969
5119
4170
3034
1393
-6399
3878
-4853
551
-1772
-6845
5626
-1109
4706
7690
9961
11752
1520
8951
-89
6292
-4105
-6085
2369
7980
-639
1474
-3654
1904
3558
8193
-522
403
353
-179
230
-5131
102
-4509
4494
2622
-7409
-7720
-2419
1631
209
-2352
-10772
-631
-38
1231
-2485
-8077
1128
-14201
975
6560
3002
2578
4005
9007
1380
779
10413
12334
-3329
3071
11366
6979
-4856
-4534
5059
9403
4999
39
-7125
-7027
-11051
-4602
5503
8757
5871
6081
4030
1253
3589
2411
-5578
-5859
3637
1364
8219
7525
3764
1132
11010
8679
419
-1358
-385
590
900
2373
-628
-2945
61
289
100
1017
868
-161
1237
741
693
206
-1011
27
737
796
-2435
21
544
-203
2165
4183
-1010
-2058
618
-721
-857
-199
-1153
189
-2933
-4783
-1818
356
2276
2190
-3616
-3607
-676
-999
-9
742
-1426
-2157
1714
-2102
-1033
-2345
1129
471
-103
-2012
-1603
-3944
-472
264
931
712
-855
1608
970
-1435
-3687
-1075
-3815
-2390
-2623
809
1634
34
-3122
-1430
-765
-568
3272
3015
1180
-1672
-530
-3454
-135
-373
-4736
-6479
-1221
-3050
-683
-187
-43
952
1916
29
-3001
-4195
-1559
-414
2948
3514
2389
1562
-1550
-1575
-805
-128
544
2171
3358
4324
-1982
-1927
-670
-2721
-257
1566
-838
164
2002
-194
-648
-1480
551
845
695
-730
-255
-1244
-3495
-2998
-2993
-213
-1537
-315
3172
1762
663
-193
-2216
-2712
3919
1631
911
1095
-3675
-2689
-2178
-3143
99
538
-1843
391
-1636
-2921
1113
1296
-918
-1213
1303
1868
1441
672
795
1615
-2857
2024
-1661
212
-625
14
-189
-919
1760
-793
594
-676
79
-1144
1217
-1344
-452
-105
-617
276
406
-210
99
-1476
-1197
-1473
-385
1126
-1329
-1057
-50
-434
-35
625
-44
-441
327
415
-224
-901
-708
-288
-391
-803
844
-134
-456
995
-549
378
-282
-395
-248
769
-346
-655
-169
427
307
-328
-116
-844
34
202
201
317
228
-492
-143
6
-115
-518
-139
-1282
341
1946
-2430
-2012
1218
1285
263
263
1273
498
2303
2946
-1298
-2020
-2372
-958
63
136
-1578
-329
-677
-395
500
21
-296
-312
173
-938
-31
1637
2382
1023
-454
-1737
-434
-809
-1172
-369
-1351
-969
-55
414
-15
147
1293
1905
-314
-1143
-536
955
-1383
-215
234
-197
-1195
-2631
1403
653
-1924
130
1722
480
-1522
-2550
-390
2289
-1303
-394
540
-1127
-296
170
1768
1429
31
-1658
501
526
-1817
-1983
106
-217
-700
745
579
-1230
-1584
-610
-1040
-447
116
565
-680
407
-129
-1441
-784
625
104
443
71
366
580
-809
-700
54
-786
-1119
-1237
-1502
-195
530
-1513
-1009
-46
-45
-276
-470
-282
-195
1220
916
-219
1173
-114
-176
831
1442
-422
-32
351
1174
694
206
514
307
-155
-252
23
82
686
600
301
460
-467
-702
-79
233
-16
257
-539
-234
-441
-417
156
-292
-246
-192
-110
27
-209
-455
160
-300
233
-494
163
-13
7
61
13
149
39
-49
-79
-21
124
160
39
-28
-67
-41
-144
140
-25
70
107
-73
-22
-101
-106
101
-108
-16
-12
15
100
26
-37
11
-3
51
13
31
-12
-19
7
14
19
3
-18
-15
-4
6
-38
-36
-15
-10
5
-15
-48
-68
-31
31
-24
-11
80
82
-20
-13
-67
-59
9
24
-3
-34
-27
-38
22
5
-38
-40
-19
12
1
-15
-46
-25
5
33
-1
3
9
-2
-14
-12
-14
-12
-3
-6
5
10
-2
-6
4
3
-6
-3
-7
0
2
3
-3
-2
2
-3
1
2
-1
0
0
-1
0
-1
0
0
0
0
0
0
0
0
0
0
0
0
0
0
0
0
0
-1
0
0
0
0
0
0
0
0
0
0
